# lv_font_metrics.txt —— 生成字体的 **adv_w 派生基线**（**入库项**，体积极小）。
#
# 由 fonts/gen_fonts.sh 在生成 `.c` 产物时**自动提取并覆写**（与 lv_font_cmap.txt 同一次运行）。
#
# 格式（每档一行；`#` 开头为说明行）：
#   <px> <adv_w_1> <adv_w_2> ... <adv_w_N>
# 其中 N = lv_font_cmap.txt 的码位数，按**码位升序**与该清单的每一行**一一对应**；
# adv_w 单位 = **1/16 px**（LVGL `glyph_dsc.adv_w` 原值；不计 kerning —— 逐字求和所得为保守上界）。
#
# 用途（I3 / B2c-1 代码质量评审 ⑤）：干净 clone / CI **没有 `.c` 产物**（产物不入库）时，
# 宽度类断言（ui/tests.rs::measured_text_px —— P3/P5 的值对列宽、时间列等宽、操作者列宽）
# 用它做**权威基线**，不再"读不到就静默跳过"（那等于宽度网在 CI 上恒空转）。
#
# 口径与 ui/tests.rs::measured_text_px 的 `.c` 路径**逐条一致**（同一次提取逻辑）：
#   · 码点 = `.range_start + unicode_list_0[i]`，其 glyph id = i + 1；
#   · adv_w 按 glyph id 顺序取自 `glyph_dsc[]`。
# 当 `.c` 与入库清单在**同一台机器上同时存在**时，二者会被**交叉校验**（漂移检测）。
#
# ⚠️ 字库 / 字号档位变更后**必须重跑 gen_fonts.sh 并提交本文件**。
# 本基线档位：24 26 28 32 48 56 64 96 112 148
# 本基线档位数：10
24 86 124 354 213 107 151 213 213 213 213 213 213 213 213 213 213 107 182 233 252 245 264 226 212 265 113 312 278 285 243 244 229 277 337 233 212 180 384 384 231 206 384 384 213 384 384 384 384 384 384 384 384 262 384 384 384 384 384 384 384 384 384 384 384 384 384 384 384 384 384 384 384 384 384 384 384 384 384 384 384 384 384 384 384 384 384 384 384 384 384 384 384 384 384 384 384 384 384 384 384 384 384 384 384 384 384 384 384 384 384 384 384 384 384 384 384 384 384 384 384 384 384 384 384 384 384 384 384 384 384 384 384 384 384 384 384 384 384 384 384 384 384 384 384 384 384 384 384 384 384 384 384 384 384 384 384 384 384 384 384 384 384 384 384 384 384 384 384 384 384 384 384 384 384 384 384 384 384 384 384 384 384 384 384 384 384 384 384 384 384 384 384 384 384 384 384 384 384 384 384 384 384 384 384 384 384 384 384 384 384 384 384 384 384 384 384 384 384 384 384 384 384 384 384 384 384 384 384 384 384 384 384 384 384 384 384 384 384 384 384 384 384 384 384 384 384 384 384 384 384 384 384 384 384 384 384 384 384 384 384 384 384 384 384 384 384 384 384 384 384 384 384 384 384 384 384 384 384 384 384 384 384 384 384 384 384 384 384 384 384 384 384 384 384 384 384 384 384 384 384 384 384 384 384 384 384 384 384 384 384 384 384 384 384 384 384 384 384 384 384 384 384 384 384
26 93 134 383 231 116 163 231 231 231 231 231 231 231 231 231 231 116 197 253 273 265 286 245 230 287 122 338 301 309 263 264 248 300 365 253 230 195 416 416 250 223 416 416 231 416 416 416 416 416 416 416 416 284 416 416 416 416 416 416 416 416 416 416 416 416 416 416 416 416 416 416 416 416 416 416 416 416 416 416 416 416 416 416 416 416 416 416 416 416 416 416 416 416 416 416 416 416 416 416 416 416 416 416 416 416 416 416 416 416 416 416 416 416 416 416 416 416 416 416 416 416 416 416 416 416 416 416 416 416 416 416 416 416 416 416 416 416 416 416 416 416 416 416 416 416 416 416 416 416 416 416 416 416 416 416 416 416 416 416 416 416 416 416 416 416 416 416 416 416 416 416 416 416 416 416 416 416 416 416 416 416 416 416 416 416 416 416 416 416 416 416 416 416 416 416 416 416 416 416 416 416 416 416 416 416 416 416 416 416 416 416 416 416 416 416 416 416 416 416 416 416 416 416 416 416 416 416 416 416 416 416 416 416 416 416 416 416 416 416 416 416 416 416 416 416 416 416 416 416 416 416 416 416 416 416 416 416 416 416 416 416 416 416 416 416 416 416 416 416 416 416 416 416 416 416 416 416 416 416 416 416 416 416 416 416 416 416 416 416 416 416 416 416 416 416 416 416 416 416 416 416 416 416 416 416 416 416 416 416 416 416 416 416 416 416 416 416 416 416 416 416 416 416 416
28 100 145 413 249 125 176 249 249 249 249 249 249 249 249 249 249 125 212 272 294 286 308 264 247 309 131 364 324 332 284 284 267 323 393 272 247 210 448 448 269 240 448 448 249 448 448 448 448 448 448 448 448 306 448 448 448 448 448 448 448 448 448 448 448 448 448 448 448 448 448 448 448 448 448 448 448 448 448 448 448 448 448 448 448 448 448 448 448 448 448 448 448 448 448 448 448 448 448 448 448 448 448 448 448 448 448 448 448 448 448 448 448 448 448 448 448 448 448 448 448 448 448 448 448 448 448 448 448 448 448 448 448 448 448 448 448 448 448 448 448 448 448 448 448 448 448 448 448 448 448 448 448 448 448 448 448 448 448 448 448 448 448 448 448 448 448 448 448 448 448 448 448 448 448 448 448 448 448 448 448 448 448 448 448 448 448 448 448 448 448 448 448 448 448 448 448 448 448 448 448 448 448 448 448 448 448 448 448 448 448 448 448 448 448 448 448 448 448 448 448 448 448 448 448 448 448 448 448 448 448 448 448 448 448 448 448 448 448 448 448 448 448 448 448 448 448 448 448 448 448 448 448 448 448 448 448 448 448 448 448 448 448 448 448 448 448 448 448 448 448 448 448 448 448 448 448 448 448 448 448 448 448 448 448 448 448 448 448 448 448 448 448 448 448 448 448 448 448 448 448 448 448 448 448 448 448 448 448 448 448 448 448 448 448 448 448 448 448 448 448 448 448 448 448
32 115 165 472 284 142 201 284 284 284 284 284 284 284 284 284 284 142 243 311 336 327 352 302 283 353 150 416 370 380 324 325 305 369 450 311 283 240 512 512 308 274 512 512 284 512 512 512 512 512 512 512 512 350 512 512 512 512 512 512 512 512 512 512 512 512 512 512 512 512 512 512 512 512 512 512 512 512 512 512 512 512 512 512 512 512 512 512 512 512 512 512 512 512 512 512 512 512 512 512 512 512 512 512 512 512 512 512 512 512 512 512 512 512 512 512 512 512 512 512 512 512 512 512 512 512 512 512 512 512 512 512 512 512 512 512 512 512 512 512 512 512 512 512 512 512 512 512 512 512 512 512 512 512 512 512 512 512 512 512 512 512 512 512 512 512 512 512 512 512 512 512 512 512 512 512 512 512 512 512 512 512 512 512 512 512 512 512 512 512 512 512 512 512 512 512 512 512 512 512 512 512 512 512 512 512 512 512 512 512 512 512 512 512 512 512 512 512 512 512 512 512 512 512 512 512 512 512 512 512 512 512 512 512 512 512 512 512 512 512 512 512 512 512 512 512 512 512 512 512 512 512 512 512 512 512 512 512 512 512 512 512 512 512 512 512 512 512 512 512 512 512 512 512 512 512 512 512 512 512 512 512 512 512 512 512 512 512 512 512 512 512 512 512 512 512 512 512 512 512 512 512 512 512 512 512 512 512 512 512 512 512 512 512 512 512 512 512 512 512 512 512 512 512 512
48 172 248 707 426 214 301 426 426 426 426 426 426 426 426 426 426 214 364 467 505 490 528 452 424 529 225 624 555 570 486 488 458 554 674 466 424 359 768 768 462 412 768 768 426 768 768 768 768 768 768 768 768 525 768 768 768 768 768 768 768 768 768 768 768 768 768 768 768 768 768 768 768 768 768 768 768 768 768 768 768 768 768 768 768 768 768 768 768 768 768 768 768 768 768 768 768 768 768 768 768 768 768 768 768 768 768 768 768 768 768 768 768 768 768 768 768 768 768 768 768 768 768 768 768 768 768 768 768 768 768 768 768 768 768 768 768 768 768 768 768 768 768 768 768 768 768 768 768 768 768 768 768 768 768 768 768 768 768 768 768 768 768 768 768 768 768 768 768 768 768 768 768 768 768 768 768 768 768 768 768 768 768 768 768 768 768 768 768 768 768 768 768 768 768 768 768 768 768 768 768 768 768 768 768 768 768 768 768 768 768 768 768 768 768 768 768 768 768 768 768 768 768 768 768 768 768 768 768 768 768 768 768 768 768 768 768 768 768 768 768 768 768 768 768 768 768 768 768 768 768 768 768 768 768 768 768 768 768 768 768 768 768 768 768 768 768 768 768 768 768 768 768 768 768 768 768 768 768 768 768 768 768 768 768 768 768 768 768 768 768 768 768 768 768 768 768 768 768 768 768 768 768 768 768 768 768 768 768 768 768 768 768 768 768 768 768 768 768 768 768 768 768 768 768
56 201 289 825 497 249 351 497 497 497 497 497 497 497 497 497 497 249 425 545 589 572 616 528 495 617 263 728 648 665 567 569 534 646 787 544 495 419 896 896 538 480 896 896 497 896 896 896 896 896 896 896 896 612 896 896 896 896 896 896 896 896 896 896 896 896 896 896 896 896 896 896 896 896 896 896 896 896 896 896 896 896 896 896 896 896 896 896 896 896 896 896 896 896 896 896 896 896 896 896 896 896 896 896 896 896 896 896 896 896 896 896 896 896 896 896 896 896 896 896 896 896 896 896 896 896 896 896 896 896 896 896 896 896 896 896 896 896 896 896 896 896 896 896 896 896 896 896 896 896 896 896 896 896 896 896 896 896 896 896 896 896 896 896 896 896 896 896 896 896 896 896 896 896 896 896 896 896 896 896 896 896 896 896 896 896 896 896 896 896 896 896 896 896 896 896 896 896 896 896 896 896 896 896 896 896 896 896 896 896 896 896 896 896 896 896 896 896 896 896 896 896 896 896 896 896 896 896 896 896 896 896 896 896 896 896 896 896 896 896 896 896 896 896 896 896 896 896 896 896 896 896 896 896 896 896 896 896 896 896 896 896 896 896 896 896 896 896 896 896 896 896 896 896 896 896 896 896 896 896 896 896 896 896 896 896 896 896 896 896 896 896 896 896 896 896 896 896 896 896 896 896 896 896 896 896 896 896 896 896 896 896 896 896 896 896 896 896 896 896 896 896 896 896 896
64 229 331 943 568 285 401 568 568 568 568 568 568 568 568 568 568 285 485 623 673 653 705 603 565 706 300 831 740 760 648 650 610 738 899 622 565 479 1024 1024 615 549 1024 1024 568 1024 1024 1024 1024 1024 1024 1024 1024 699 1024 1024 1024 1024 1024 1024 1024 1024 1024 1024 1024 1024 1024 1024 1024 1024 1024 1024 1024 1024 1024 1024 1024 1024 1024 1024 1024 1024 1024 1024 1024 1024 1024 1024 1024 1024 1024 1024 1024 1024 1024 1024 1024 1024 1024 1024 1024 1024 1024 1024 1024 1024 1024 1024 1024 1024 1024 1024 1024 1024 1024 1024 1024 1024 1024 1024 1024 1024 1024 1024 1024 1024 1024 1024 1024 1024 1024 1024 1024 1024 1024 1024 1024 1024 1024 1024 1024 1024 1024 1024 1024 1024 1024 1024 1024 1024 1024 1024 1024 1024 1024 1024 1024 1024 1024 1024 1024 1024 1024 1024 1024 1024 1024 1024 1024 1024 1024 1024 1024 1024 1024 1024 1024 1024 1024 1024 1024 1024 1024 1024 1024 1024 1024 1024 1024 1024 1024 1024 1024 1024 1024 1024 1024 1024 1024 1024 1024 1024 1024 1024 1024 1024 1024 1024 1024 1024 1024 1024 1024 1024 1024 1024 1024 1024 1024 1024 1024 1024 1024 1024 1024 1024 1024 1024 1024 1024 1024 1024 1024 1024 1024 1024 1024 1024 1024 1024 1024 1024 1024 1024 1024 1024 1024 1024 1024 1024 1024 1024 1024 1024 1024 1024 1024 1024 1024 1024 1024 1024 1024 1024 1024 1024 1024 1024 1024 1024 1024 1024 1024 1024 1024 1024 1024 1024 1024 1024 1024 1024 1024 1024 1024 1024 1024 1024 1024 1024 1024 1024 1024 1024 1024 1024 1024 1024 1024 1024 1024 1024 1024 1024 1024 1024 1024 1024 1024 1024 1024 1024 1024 1024 1024 1024 1024 1024 1024 1024 1024 1024 1024 1024 1024
96 344 496 1415 852 427 602 852 852 852 852 852 852 852 852 852 852 427 728 934 1009 980 1057 905 848 1058 450 1247 1111 1140 972 975 915 1107 1349 932 848 719 1536 1536 923 823 1536 1536 852 1536 1536 1536 1536 1536 1536 1536 1536 1049 1536 1536 1536 1536 1536 1536 1536 1536 1536 1536 1536 1536 1536 1536 1536 1536 1536 1536 1536 1536 1536 1536 1536 1536 1536 1536 1536 1536 1536 1536 1536 1536 1536 1536 1536 1536 1536 1536 1536 1536 1536 1536 1536 1536 1536 1536 1536 1536 1536 1536 1536 1536 1536 1536 1536 1536 1536 1536 1536 1536 1536 1536 1536 1536 1536 1536 1536 1536 1536 1536 1536 1536 1536 1536 1536 1536 1536 1536 1536 1536 1536 1536 1536 1536 1536 1536 1536 1536 1536 1536 1536 1536 1536 1536 1536 1536 1536 1536 1536 1536 1536 1536 1536 1536 1536 1536 1536 1536 1536 1536 1536 1536 1536 1536 1536 1536 1536 1536 1536 1536 1536 1536 1536 1536 1536 1536 1536 1536 1536 1536 1536 1536 1536 1536 1536 1536 1536 1536 1536 1536 1536 1536 1536 1536 1536 1536 1536 1536 1536 1536 1536 1536 1536 1536 1536 1536 1536 1536 1536 1536 1536 1536 1536 1536 1536 1536 1536 1536 1536 1536 1536 1536 1536 1536 1536 1536 1536 1536 1536 1536 1536 1536 1536 1536 1536 1536 1536 1536 1536 1536 1536 1536 1536 1536 1536 1536 1536 1536 1536 1536 1536 1536 1536 1536 1536 1536 1536 1536 1536 1536 1536 1536 1536 1536 1536 1536 1536 1536 1536 1536 1536 1536 1536 1536 1536 1536 1536 1536 1536 1536 1536 1536 1536 1536 1536 1536 1536 1536 1536 1536 1536 1536 1536 1536 1536 1536 1536 1536 1536 1536 1536 1536 1536 1536 1536 1536 1536 1536 1536 1536 1536 1536 1536 1536 1536 1536 1536 1536 1536 1536 1536
112 401 579 1650 995 498 702 995 995 995 995 995 995 995 995 995 995 498 849 1090 1177 1143 1233 1055 989 1235 525 1455 1296 1330 1134 1138 1068 1292 1573 1088 989 839 1792 1792 1077 961 1792 1792 995 1792 1792 1792 1792 1792 1792 1792 1792 1224 1792 1792 1792 1792 1792 1792 1792 1792 1792 1792 1792 1792 1792 1792 1792 1792 1792 1792 1792 1792 1792 1792 1792 1792 1792 1792 1792 1792 1792 1792 1792 1792 1792 1792 1792 1792 1792 1792 1792 1792 1792 1792 1792 1792 1792 1792 1792 1792 1792 1792 1792 1792 1792 1792 1792 1792 1792 1792 1792 1792 1792 1792 1792 1792 1792 1792 1792 1792 1792 1792 1792 1792 1792 1792 1792 1792 1792 1792 1792 1792 1792 1792 1792 1792 1792 1792 1792 1792 1792 1792 1792 1792 1792 1792 1792 1792 1792 1792 1792 1792 1792 1792 1792 1792 1792 1792 1792 1792 1792 1792 1792 1792 1792 1792 1792 1792 1792 1792 1792 1792 1792 1792 1792 1792 1792 1792 1792 1792 1792 1792 1792 1792 1792 1792 1792 1792 1792 1792 1792 1792 1792 1792 1792 1792 1792 1792 1792 1792 1792 1792 1792 1792 1792 1792 1792 1792 1792 1792 1792 1792 1792 1792 1792 1792 1792 1792 1792 1792 1792 1792 1792 1792 1792 1792 1792 1792 1792 1792 1792 1792 1792 1792 1792 1792 1792 1792 1792 1792 1792 1792 1792 1792 1792 1792 1792 1792 1792 1792 1792 1792 1792 1792 1792 1792 1792 1792 1792 1792 1792 1792 1792 1792 1792 1792 1792 1792 1792 1792 1792 1792 1792 1792 1792 1792 1792 1792 1792 1792 1792 1792 1792 1792 1792 1792 1792 1792 1792 1792 1792 1792 1792 1792 1792 1792 1792 1792 1792 1792 1792 1792 1792 1792 1792 1792 1792 1792 1792 1792 1792 1792 1792 1792 1792 1792 1792 1792 1792 1792 1792 1792 1792
148 530 765 2181 1314 658 928 1314 1314 1314 1314 1314 1314 1314 1314 1314 1314 658 1122 1440 1556 1511 1629 1395 1307 1632 694 1923 1712 1757 1499 1504 1411 1707 2079 1437 1307 1108 2368 2368 1423 1269 2368 2368 1314 2368 2368 2368 2368 2368 2368 2368 2368 1617 2368 2368 2368 2368 2368 2368 2368 2368 2368 2368 2368 2368 2368 2368 2368 2368 2368 2368 2368 2368 2368 2368 2368 2368 2368 2368 2368 2368 2368 2368 2368 2368 2368 2368 2368 2368 2368 2368 2368 2368 2368 2368 2368 2368 2368 2368 2368 2368 2368 2368 2368 2368 2368 2368 2368 2368 2368 2368 2368 2368 2368 2368 2368 2368 2368 2368 2368 2368 2368 2368 2368 2368 2368 2368 2368 2368 2368 2368 2368 2368 2368 2368 2368 2368 2368 2368 2368 2368 2368 2368 2368 2368 2368 2368 2368 2368 2368 2368 2368 2368 2368 2368 2368 2368 2368 2368 2368 2368 2368 2368 2368 2368 2368 2368 2368 2368 2368 2368 2368 2368 2368 2368 2368 2368 2368 2368 2368 2368 2368 2368 2368 2368 2368 2368 2368 2368 2368 2368 2368 2368 2368 2368 2368 2368 2368 2368 2368 2368 2368 2368 2368 2368 2368 2368 2368 2368 2368 2368 2368 2368 2368 2368 2368 2368 2368 2368 2368 2368 2368 2368 2368 2368 2368 2368 2368 2368 2368 2368 2368 2368 2368 2368 2368 2368 2368 2368 2368 2368 2368 2368 2368 2368 2368 2368 2368 2368 2368 2368 2368 2368 2368 2368 2368 2368 2368 2368 2368 2368 2368 2368 2368 2368 2368 2368 2368 2368 2368 2368 2368 2368 2368 2368 2368 2368 2368 2368 2368 2368 2368 2368 2368 2368 2368 2368 2368 2368 2368 2368 2368 2368 2368 2368 2368 2368 2368 2368 2368 2368 2368 2368 2368 2368 2368 2368 2368 2368 2368 2368 2368 2368 2368 2368 2368 2368 2368 2368 2368 2368 2368 2368 2368
